sym0
[12799, 25093, 18065, 33169, 42139]
[165057, 140959, 154287, 124620, 106170]
[14048, 25852, 19552, 34115, 43595]
sym1
[9892, 15092, 22439, 31376, 37217]
[171770, 161408, 147111, 129013, 117397]
[10242, 15404, 22354, 31515, 37290]
sym2
[29528, 46347, 37827, 54077, 62003]
[132990, 101003, 117395, 86594, 71467]
[29386, 44554, 36682, 51233, 58434]
sym3
[6857, 10976, 17079, 26052, 32426]
[177984, 169666, 157566, 139922, 127237]
[7063, 11262, 17259, 25930, 32241]
sym4
[45109, 56209, 36680, 49565, 56089]
[101043, 80259, 117000, 92190, 79062]
[45752, 55436, 38224, 50149, 56753]
sym5
[32695, 43411, 37944, 47897, 52365]
[75033, 54197, 65262, 47143, 38527]
[32202, 42322, 36724, 44890, 49038]
sym6
[37901, 50245, 34787, 48389, 55197]
[99992, 75789, 104889, 79470, 66102]
[38019, 49878, 36236, 48053, 54613]
sym7
[50193, 61407, 44052, 59295, 66202]
[100087, 78074, 111908, 82426, 68644]
[49620, 60419, 43940, 58179, 65054]
sym8
[30361, 42861, 22790, 35146, 42245]
[131655, 106577, 145530, 121386, 106199]
[29888, 42466, 23584, 35372, 43460]
sym9
[13413, 26072, 19247, 35451, 45011]
[172155, 145964, 159476, 125697, 105849]
[14332, 27864, 21177, 38752, 49040]
